camera_matrix:
- - 1805.9811001658015
  - 0.0
  - 929.2455119852768
- - 0.0
  - 1849.9792459639896
  - 1180.2121331843236
- - 0.0
  - 0.0
  - 1.0
dist_coeff:
- - 0.3856426157444552
  - -2.915548455728765
  - -0.003923284344395518
  - 0.01555601719287814
  - 5.998321667346926
